[0m[0m ______________________________________________________ [0m
[0m/ I have no idea what Rainbow Dash would say, but hey,[0m \[0m
[0m\ ponies.[0m                                              /[0m
[0m ------------------------------------------------------ [0m[00m
     [0m\[0m                                             [00m
      [0m\[0m                                            [00m
       [0m\[0m [38;5;32m▄▄▄[48;5;32;38;5;203m▄▄▄[49;38;5;32m▄▄▄[39m   [38;5;74m▄[39m                             [00m
      [38;5;32m▀[48;5;32m█[38;5;203m▄[48;5;203m██[38;5;209m▄▄[48;5;209m██[38;5;229m▄▄[48;5;229m█[48;5;32m▄[38;5;74m▄[48;5;74;38;5;153m▄[48;5;153m█[48;5;74;38;5;74m█[49;39m                            [00m
      [48;5;32;38;5;203m▄[48;5;203;38;5;32m▄[38;5;209m▄[48;5;209m███[38;5;229m▄▄[48;5;229m███[38;5;32m▄▄[48;5;74;38;5;74m█[48;5;153;38;5;153m█[48;5;110;38;5;74m▄[48;5;153;38;5;153m█[48;5;74;38;5;74m█[49;39m [48;5;74;38;5;74m█[38;5;153m▄[38;5;74m█[49;39m [38;5;74m▄▄[39m                    [00m
     [48;5;209;38;5;32m▄[49m▀[48;5;32m█[48;5;209;38;5;209m██[38;5;229m▄[48;5;229;38;5;32m▄[38;5;229m██[38;5;32m▄[48;5;32;38;5;153m▄▄[48;5;153m████[48;5;74;38;5;74m█[48;5;153;38;5;153m█[48;5;74;38;5;74m██[48;5;153;38;5;153m██[48;5;74;38;5;74m█[38;5;153m▄[48;5;153m█[48;5;74;38;5;74m█[49;39m                    [00m
      [48;5;32;38;5;32m█[48;5;209;38;5;209m██[48;5;229;38;5;32m▄[48;5;32;38;5;153m▄▄[48;5;229;38;5;32m▄[48;5;32;38;5;153m▄[48;5;153m█████████[49;38;5;74m▀[48;5;74m█[48;5;153;38;5;153m██[48;5;74;38;5;74m█[48;5;153;38;5;153m█[38;5;74m▄[49m▀[39m                    [00m
     [48;5;32;38;5;32m█[48;5;209;38;5;209m█[38;5;32m▄[49m▀[48;5;74;38;5;74m█[48;5;153;38;5;153m█[38;5;74m▄[38;5;153m███[38;5;74m▄[38;5;153m██████[48;5;32;38;5;32m█[48;5;74;38;5;74m█[48;5;153;38;5;153m██[48;5;74;38;5;74m█[48;5;153;38;5;153m█[38;5;74m▄[48;5;74;38;5;153m▄[49;38;5;74m▄▄[39m                   [00m
    [38;5;32m▀▀▀[39m  [48;5;16;38;5;16m█[48;5;153m▄[48;5;74;38;5;74m█[48;5;153;38;5;153m██[48;5;74;38;5;16m▄[48;5;153;38;5;153m████[38;5;16m▄[38;5;153m█[38;5;32m▄[48;5;32m█[48;5;74;38;5;74m█[48;5;153m▄[48;5;74m█[48;5;153;38;5;153m██[48;5;74;38;5;74m█[48;5;153;38;5;153m██[48;5;74;38;5;74m█[49;39m                   [00m
         [48;5;74;38;5;74m█[38;5;153m▄[48;5;153m█[38;5;110m▄[38;5;153m█[48;5;16m▄[48;5;153;38;5;16m▄▄▄[48;5;16;38;5;153m▄[48;5;153m█[38;5;32m▄[48;5;32;38;5;113m▄[38;5;32m█[48;5;74;38;5;74m█[48;5;153;38;5;153m█[48;5;74;38;5;74m█[38;5;153m▄[38;5;74m█[48;5;153;38;5;153m██[48;5;74;38;5;74m█[49;38;5;32m▄▄[48;5;32;38;5;97m▄▄▄▄▄▄▄[49;38;5;32m▄▄[39m         [00m
         [38;5;74m▀[48;5;153m▄▄[48;5;74m█[48;5;153;38;5;153m██████[48;5;32;38;5;32m█[48;5;113;38;5;113m█[38;5;32m▄[48;5;32m█[48;5;110;38;5;74m▄[48;5;153;38;5;153m█[48;5;74m▄[48;5;153m█[38;5;74m▄[48;5;74m█[38;5;32m▄[48;5;32;38;5;97m▄[48;5;97;38;5;32m▄[38;5;113m▄[48;5;32;38;5;229m▄▄▄▄[38;5;113m▄▄▄[48;5;97;38;5;32m▄▄[48;5;32;38;5;97m▄[49;38;5;32m▄[39m       [00m
            [38;5;74m▀▀▀[48;5;74m█[38;5;32m▄[48;5;153m▄[48;5;32;38;5;113m▄[48;5;113;38;5;32m▄[48;5;32m█[38;5;97m▄[38;5;32m█[48;5;74;38;5;74m█[48;5;153;38;5;153m█[48;5;74m▄[48;5;153m█[48;5;74;38;5;74m█[48;5;153m▄[48;5;74;38;5;97m▄[48;5;32;38;5;229m▄[48;5;113;38;5;209m▄[48;5;229;38;5;203m▄[48;5;209m▄▄[48;5;229;38;5;209m▄▄[38;5;229m██[48;5;113m▄[38;5;113m█[48;5;32m▄[38;5;32m█[49m▄▀[39m      [00m
              [48;5;74;38;5;74m█[48;5;153;38;5;153m██[38;5;32m▄[48;5;32m███[48;5;97;38;5;97m█[48;5;74;38;5;74m█[48;5;153;38;5;153m██[38;5;74m▄[48;5;74m██[48;5;32;38;5;113m▄[48;5;113;38;5;203m▄[48;5;209;38;5;32m▄[48;5;203m▄[49m▀▀[48;5;203m▄[38;5;203m█[48;5;209m▄[38;5;209m█[48;5;229m▄[38;5;229m██[48;5;113;38;5;113m█[48;5;32m▄[38;5;32m██[49;39m      [00m
              [48;5;74;38;5;74m█[48;5;153;38;5;153m██[48;5;32;38;5;32m███[48;5;97;38;5;97m█[48;5;32;38;5;153m▄[48;5;74m▄[48;5;153m██[48;5;74;38;5;231m▄[48;5;153m▄[38;5;153m██[48;5;74;38;5;74m█[49;39m     [48;5;32;38;5;32m█[48;5;203;38;5;203m██[48;5;209;38;5;209m██[48;5;229;38;5;229m██[48;5;113;38;5;113m█[48;5;32m▄[38;5;32m██[49;39m     [00m
              [48;5;74;38;5;74m█[48;5;153;38;5;153m██[48;5;32;38;5;32m█[48;5;153;38;5;153m█[48;5;32;38;5;32m█[48;5;97;38;5;97m█[48;5;153;38;5;153m███[48;5;231m▄[38;5;231m█[38;5;229m▄[38;5;203m▄[48;5;153;38;5;153m██[48;5;74;38;5;74m█[49;39m    [48;5;32;38;5;32m█[48;5;203;38;5;203m█[38;5;32m▄[38;5;203m█[48;5;209;38;5;209m██[48;5;229;38;5;229m██[48;5;113;38;5;113m█[48;5;32m▄[38;5;32m█[49m▄[39m    [00m
               [48;5;74;38;5;74m█[48;5;153;38;5;153m███[48;5;32m▄[48;5;97;38;5;32m▄[48;5;153;38;5;153m███[38;5;74m▄[48;5;32;38;5;229m▄[48;5;229;38;5;203m▄[48;5;203;38;5;153m▄[48;5;153m██[48;5;74;38;5;74m█[49;39m    [48;5;32;38;5;32m█[49m▀[48;5;32m█[48;5;203;38;5;203m█[48;5;209;38;5;209m██[48;5;229;38;5;229m██[48;5;113;38;5;113m██[48;5;32;38;5;32m██[49;39m    [00m
                [48;5;74;38;5;67m▄[48;5;153;38;5;74m▄[38;5;153m███[48;5;32m▄[48;5;153m██[48;5;74m▄[48;5;153;38;5;74m▄[48;5;203;38;5;153m▄[48;5;153m██[48;5;74;38;5;74m█[49;39m       [48;5;32;38;5;32m█[48;5;203;38;5;203m█[48;5;32;38;5;32m█[48;5;209;38;5;209m██[48;5;229;38;5;229m█[48;5;113;38;5;113m██[48;5;32m▄[38;5;32m██[49;39m   [00m
                [48;5;67;38;5;67m█[38;5;110m▄[48;5;74;38;5;74m█[48;5;153;38;5;153m██[48;5;74;38;5;74m█[49m▀▀[48;5;74;38;5;67m▄[38;5;110m▄[38;5;67m▄[48;5;153;38;5;74m▄[38;5;153m█[48;5;74m▄▄[49;38;5;74m▄[39m     [38;5;32m▀[48;5;209m▄[49m▀[48;5;209m▄[38;5;209m█[48;5;229;38;5;229m██[48;5;113;38;5;113m██[48;5;32;38;5;32m█[49m▀▄[39m  [00m
                [48;5;67;38;5;67m█[48;5;110;38;5;110m█[48;5;74;38;5;74m█[48;5;153;38;5;153m██[48;5;74;38;5;74m█[49;39m   [48;5;67;38;5;67m█[48;5;110;38;5;110m█[48;5;74m▄[48;5;153;38;5;74m▄[38;5;153m██[48;5;74;38;5;74m█[49;39m      [38;5;32m▀[39m [38;5;32m▀[48;5;209m▄[48;5;229;38;5;209m▄[38;5;229m██[48;5;113;38;5;113m█[48;5;32m▄[49;38;5;32m▄[39m   [00m
               [48;5;67;38;5;67m█[48;5;110;38;5;110m█[48;5;74;38;5;74m█[48;5;153;38;5;153m███[48;5;74;38;5;74m█[49;39m   [48;5;67;38;5;67m█[48;5;110;38;5;110m██[48;5;74;38;5;74m█[48;5;153;38;5;153m██[48;5;74m▄[49;38;5;74m▄[39m         [38;5;32m▀[48;5;229m▄[38;5;229m██[48;5;113m▄[38;5;113m█[48;5;32m▄[49;38;5;32m▄[39m [00m
              [38;5;67m▄[48;5;67;38;5;110m▄[48;5;110m█[48;5;74;38;5;74m█[48;5;153;38;5;153m███[48;5;74;38;5;74m█[49;39m   [48;5;67;38;5;67m█[48;5;110;38;5;110m██[48;5;74;38;5;74m█[48;5;153;38;5;153m███[48;5;74;38;5;74m█[49;39m           [38;5;32m▀▀▀▀▀▀▀[39m[00m
             [48;5;67;38;5;67m█[38;5;110m▄[48;5;110m█[48;5;74;38;5;74m█[48;5;153;38;5;153m████[48;5;74;38;5;74m█[49;39m   [48;5;67;38;5;67m█[48;5;110;38;5;110m██[48;5;74;38;5;74m█[48;5;153;38;5;153m███[48;5;74m▄[49;38;5;74m▄[39m                 [00m
             [38;5;67m▀▀[48;5;74;38;5;74m█[38;5;153m▄[48;5;153m███[38;5;74m▄[49m▀[39m   [38;5;67m▀▀▀[48;5;74;38;5;74m█[48;5;153;38;5;153m████[48;5;74;38;5;74m█[49;39m                 [00m
               [38;5;74m▀▀▀▀▀▀[39m       [38;5;74m▀▀▀▀▀▀[39m                 [00m
                                                   [00m
